35
7
7 21 32 2 20 11 29 
1 34 19.33
1 12 14.93
1 11 78.55
1 30 66.5
2 15 34.1
2 32 92.71
2 24 54.89
3 12 25.53
3 30 29.62
3 24 101.31
4 32 17.84
4 26 10.38
4 8 24.52
4 20 88.18
5 20 25.62
5 15 101.88
5 19 24.18
5 14 167.26
5 25 61.73
5 29 29.32
6 16 61.86
6 28 65.61
6 23 71.74
6 18 72.66
6 31 184.52
7 35 22.07
7 11 17.03
7 10 58.37
8 4 87.28
8 26 34.3
8 17 53.21
8 24 45.99
9 11 36.2
9 34 65.7
9 10 50.62
10 7 25.21
10 9 29.46
10 11 98.15
11 1 36.83
11 7 53.62
11 9 82.3
11 10 51.11
11 34 6.68
11 35 67.24
12 1 98.38
12 3 22.57
12 30 58.39
13 33 34.37
13 22 82.82
13 17 97.8
14 27 28.24
14 25 33.26
14 5 153.59
15 2 24.17
15 5 85.8
15 32 108.3
15 21 94.37
16 6 60.23
16 28 21.81
16 35 48.74
16 18 155.94
17 8 41.07
17 13 23.11
17 24 100.77
17 33 81.17
17 22 100.13
18 6 159.51
18 16 88.51
18 28 204.81
18 31 116.29
19 5 84.35
19 21 26.85
19 27 55.66
20 5 106.32
20 32 68.93
20 4 118.38
20 29 22.92
21 19 26.26
21 27 129.3
21 15 33.95
22 13 80.87
22 33 47.57
22 17 142.58
23 6 116.16
23 31 69.24
23 28 57.33
24 2 109.85
24 3 84.1
24 8 93.93
24 17 43.7
24 26 73.8
24 32 60.27
25 14 126.8
25 29 81.65
25 5 185.88
26 4 41.19
26 8 27.28
26 24 44.05
26 32 67.95
27 14 97.57
27 19 93.66
27 21 28.65
28 6 77.38
28 16 16.41
28 18 40.02
28 23 51.31
28 35 137.45
29 25 59.51
29 20 38.55
29 5 88.98
30 3 86.39
30 12 27.83
30 1 98.04
31 23 32.23
31 6 71.44
31 18 236.58
32 2 37.11
32 4 39.04
32 15 77.43
32 20 108.1
32 26 45.71
32 24 67.96
33 13 75.04
33 17 68.92
33 22 23.99
34 1 57.18
34 9 62.96
34 11 32.28
34 35 93.69
35 7 52.55
35 11 84.98
35 16 83.76
35 28 81.96
35 34 15.01
