35
7
20 24 15 30 9 6 31 
1 21 37.59
1 10 78.43
1 30 114.65
2 22 168.22
2 32 135.29
2 33 72.97
3 29 26.82
3 6 165.13
3 25 140.4
4 34 31.67
4 15 63.14
4 23 27.12
4 16 115.0
5 12 8.94
5 8 26.02
5 7 14.15
5 17 100.29
5 22 112.6
6 3 88.37
6 26 31.52
6 29 112.66
6 31 74.85
7 5 39.77
7 8 45.23
7 12 60.24
7 22 62.01
8 5 17.26
8 7 28.39
8 12 52.77
8 24 94.11
9 24 83.01
9 16 104.8
9 19 21.77
9 18 79.19
10 1 48.42
10 30 94.86
10 15 67.53
10 21 63.21
10 35 118.71
11 17 23.0
11 33 80.56
11 32 114.2
12 5 11.34
12 7 32.94
12 8 8.96
12 17 108.97
12 22 29.79
13 14 8.57
13 31 64.56
13 27 78.63
13 20 46.39
14 13 61.23
14 31 28.01
14 27 41.42
14 26 64.71
15 4 24.44
15 10 121.84
15 34 34.99
16 9 62.65
16 19 49.46
16 4 135.09
17 11 15.08
17 12 65.09
17 5 65.55
17 32 113.94
17 33 127.25
18 28 10.63
18 24 46.25
18 9 110.49
19 9 90.61
19 16 113.98
19 27 19.54
20 27 23.39
20 34 90.78
20 13 117.14
20 23 81.46
21 1 33.22
21 30 73.79
21 10 115.59
21 35 75.23
22 2 212.93
22 7 20.0
22 12 53.73
22 5 108.38
23 4 83.15
23 34 27.94
23 20 87.23
24 9 107.17
24 18 33.51
24 8 42.04
24 28 30.57
25 3 178.59
25 28 114.4
25 29 26.83
26 6 30.05
26 31 90.35
26 14 64.03
27 13 20.72
27 14 74.48
27 19 95.34
27 20 17.91
28 18 71.05
28 25 113.31
28 24 73.47
29 3 41.18
29 6 25.65
29 25 79.25
30 1 39.71
30 10 112.66
30 21 48.86
30 35 49.81
31 6 39.56
31 13 31.13
31 14 30.98
31 26 68.15
32 2 147.99
32 11 54.41
32 33 18.27
32 17 144.15
33 2 255.75
33 11 24.93
33 32 18.42
33 17 96.59
34 4 20.24
34 15 109.14
34 20 96.3
34 23 64.36
35 30 30.3
35 10 151.18
35 21 25.84
