20
5
20 14 17 13 12 
1 2 9.28
1 10 9.69
1 11 44.03
1 13 123.62
1 14 65.84
1 16 33.8
2 1 16.51
2 10 8.6
2 16 63.09
2 11 68.97
3 18 59.76
3 9 115.12
3 19 94.72
3 7 303.93
4 19 17.72
4 20 56.33
4 9 180.08
4 6 76.3
4 15 110.82
5 12 75.8
5 10 100.76
5 13 143.92
5 17 257.49
6 20 21.37
6 4 43.56
6 19 167.17
7 8 130.24
7 18 148.14
7 3 221.43
8 7 129.83
8 14 395.73
8 18 73.27
9 3 78.1
9 4 69.72
9 19 98.85
9 18 64.66
9 15 46.28
10 1 12.11
10 2 41.15
10 5 135.47
10 11 106.13
10 12 154.9
10 13 39.91
10 14 39.66
10 17 94.76
11 1 101.38
11 10 107.09
11 2 25.47
11 16 93.21
12 5 19.19
12 13 70.41
12 10 48.39
13 5 76.72
13 12 109.69
13 10 195.42
13 1 87.94
14 8 209.17
14 17 77.77
14 10 182.79
14 1 142.38
15 9 29.04
15 19 277.81
15 4 137.64
16 2 66.16
16 11 61.04
16 1 99.74
17 14 33.46
17 10 190.71
17 5 153.54
18 3 54.94
18 7 77.6
18 8 150.36
18 9 132.55
19 3 58.93
19 4 29.49
19 6 205.15
19 9 139.51
19 15 121.38
19 20 29.9
20 4 56.19
20 6 141.09
20 19 149.09
