20
5
20 11 17 7 9 
1 9 33.84
1 12 230.5
1 17 275.58
2 6 24.57
2 16 58.35
2 8 32.06
2 3 56.19
2 5 156.22
3 8 188.64
3 6 55.73
3 2 220.49
4 20 25.0
4 17 66.56
4 19 114.5
4 18 144.88
5 8 118.2
5 6 97.68
5 2 88.74
5 18 229.45
6 2 20.03
6 3 205.32
6 5 89.83
6 8 36.49
6 16 41.03
7 15 70.8
7 14 171.09
7 16 29.0
8 2 117.49
8 3 124.15
8 5 31.85
8 6 70.46
9 1 32.1
9 12 134.61
9 13 58.33
10 13 31.36
10 11 93.61
10 12 95.45
11 10 145.24
11 16 14.64
11 15 137.53
11 14 25.08
12 1 151.1
12 9 128.44
12 10 150.51
12 13 39.02
12 19 31.82
12 17 35.98
13 9 204.5
13 10 21.08
13 12 53.2
13 19 57.22
13 17 102.85
14 7 38.56
14 15 30.03
14 16 60.33
14 11 150.31
15 7 91.73
15 11 77.95
15 14 11.15
15 16 26.29
16 2 68.13
16 6 101.12
16 7 122.86
16 11 103.77
16 14 75.03
16 15 64.01
17 1 201.01
17 4 62.24
17 12 78.09
17 13 102.44
17 19 47.4
17 20 92.35
18 5 239.6
18 4 241.52
18 20 129.81
19 4 106.8
19 12 83.31
19 13 28.08
19 17 104.0
19 20 75.05
20 4 10.3
20 18 249.71
20 17 67.74
20 19 74.71
