50
10
14 30 24 32 22 16 31 42 12 21 
1 47 61.88
1 49 86.42
1 7 63.04
1 14 127.59
2 22 23.71
2 31 123.92
2 46 28.63
3 27 47.81
3 13 72.41
3 19 66.57
4 11 38.52
4 50 61.3
4 37 48.37
4 46 47.28
5 34 33.82
5 21 44.54
5 25 78.57
5 28 77.37
6 26 5.67
6 41 19.06
6 36 64.67
7 1 41.9
7 47 31.53
7 29 49.21
7 45 52.31
8 44 0.0
8 25 21.49
8 13 47.68
9 43 22.29
9 29 32.79
9 45 96.37
10 20 46.87
10 12 112.44
10 17 54.1
11 4 56.85
11 22 32.95
11 46 17.67
11 31 52.29
11 50 43.37
12 10 80.48
12 40 18.5
12 23 76.71
12 15 26.82
12 20 97.66
13 3 49.37
13 8 70.47
13 44 34.41
13 25 32.36
14 49 28.04
14 32 40.32
14 1 120.55
15 12 74.16
15 23 12.13
15 27 42.6
15 48 82.44
16 24 26.36
16 17 20.33
16 21 73.42
16 30 89.52
17 10 52.73
17 16 58.79
17 20 22.21
17 24 58.32
18 38 66.6
18 40 39.26
18 41 77.54
19 3 146.48
19 42 64.51
19 33 21.51
19 35 20.83
19 32 156.98
20 10 40.85
20 17 88.8
20 12 76.0
21 5 55.89
21 16 63.86
21 24 54.23
21 30 49.08
21 28 210.54
21 34 53.97
22 2 46.2
22 11 41.42
22 46 53.73
22 31 52.12
23 12 79.76
23 15 14.73
23 27 34.2
24 16 22.77
24 17 77.36
24 21 15.62
24 30 71.7
25 5 86.25
25 8 11.51
25 13 75.59
25 44 23.52
26 6 32.56
26 41 29.14
26 36 64.16
26 38 18.39
26 40 61.62
27 3 44.57
27 15 74.94
27 23 77.87
27 48 86.86
28 34 61.15
28 5 94.43
28 21 157.25
29 7 75.59
29 9 81.02
29 43 14.09
29 45 14.0
30 21 78.0
30 24 58.77
30 16 42.42
31 2 69.53
31 22 67.97
31 11 78.17
32 14 85.81
32 49 35.57
32 19 38.39
33 19 79.54
33 35 20.32
33 42 24.66
33 39 64.95
34 5 19.72
34 28 27.85
34 21 25.62
35 19 100.07
35 33 10.08
35 42 45.24
35 39 15.76
36 6 47.78
36 26 31.09
36 40 37.1
37 4 61.32
37 50 73.58
37 48 79.09
38 18 74.18
38 41 4.1
38 26 77.15
39 33 62.69
39 35 13.74
39 42 45.46
40 12 37.75
40 18 75.13
40 36 34.01
40 26 14.04
41 6 58.35
41 18 42.11
41 26 6.44
41 38 4.76
42 19 70.56
42 33 36.84
42 35 6.58
42 39 31.54
43 9 37.1
43 29 40.81
43 45 19.43
44 8 0.0
44 13 14.88
44 25 9.93
45 7 84.46
45 9 45.57
45 29 8.68
45 43 13.56
45 47 42.89
45 49 96.16
46 2 37.22
46 11 42.83
46 22 31.7
46 4 81.33
47 1 36.91
47 7 32.07
47 45 9.56
48 27 117.94
48 37 59.84
48 15 116.67
49 1 24.6
49 14 55.22
49 32 18.99
49 45 24.83
50 4 37.79
50 37 81.64
50 11 61.96
