35
7
17 24 11 28 31 34 12 
1 30 3.69
1 16 23.1
1 21 165.15
2 3 8.9
2 17 125.65
2 34 20.3
2 28 84.79
3 2 30.85
3 17 29.1
3 19 156.09
4 18 6.76
4 26 64.17
4 24 60.66
4 12 28.39
5 27 62.13
5 26 66.76
5 14 131.35
5 8 232.92
6 13 67.44
6 11 18.02
6 14 29.16
6 15 171.21
6 33 60.62
7 25 12.41
7 9 42.99
7 27 176.51
8 33 143.19
8 15 115.3
8 5 258.28
9 7 38.12
9 25 30.16
9 27 107.41
10 20 25.69
10 23 35.33
10 18 22.41
11 6 39.52
11 14 5.29
11 24 37.85
11 26 98.3
11 13 104.05
12 31 56.68
12 4 188.26
12 28 122.29
12 35 192.77
13 6 53.06
13 11 66.72
13 19 56.74
14 5 156.7
14 6 69.16
14 11 9.63
14 24 3.16
14 26 66.81
15 8 25.77
15 33 124.7
15 6 233.18
16 1 44.45
16 30 20.95
16 21 142.0
17 2 29.56
17 3 80.89
17 19 63.84
17 32 34.17
17 28 24.34
18 4 25.19
18 10 35.2
18 26 10.56
18 20 25.35
18 23 57.43
19 3 153.85
19 13 100.0
19 17 78.16
19 32 27.32
19 29 69.28
20 10 27.02
20 23 12.62
20 18 30.13
21 1 61.48
21 16 117.95
21 29 21.85
21 32 68.69
21 30 72.65
22 35 29.84
22 31 20.72
22 34 24.33
23 10 37.65
23 20 17.7
23 18 213.43
24 4 95.95
24 11 39.66
24 14 13.32
24 26 32.46
25 7 39.56
25 9 57.55
25 27 169.25
26 4 20.44
26 5 188.09
26 11 88.16
26 14 67.6
26 18 70.52
26 24 48.09
27 5 12.21
27 7 195.41
27 9 130.94
27 25 173.38
28 12 25.66
28 34 10.63
28 17 54.74
28 2 29.08
29 19 57.97
29 21 48.82
29 32 19.75
30 1 7.11
30 16 71.08
30 21 28.31
31 12 86.26
31 22 97.79
31 35 54.35
32 17 58.28
32 19 13.98
32 21 132.42
32 29 12.22
33 8 59.5
33 15 145.19
33 6 129.22
34 2 104.38
34 22 90.86
34 28 16.44
35 22 23.22
35 31 24.03
35 12 134.54
