35
7
35 34 1 24 26 3 15 
1 34 47.28
1 22 70.96
1 32 97.85
2 12 18.6
2 27 30.62
2 5 35.3
2 7 51.68
2 19 119.66
3 6 15.68
3 4 22.07
3 16 106.95
3 25 71.76
4 3 27.78
4 6 29.26
4 16 96.69
4 8 71.15
5 2 83.83
5 12 15.92
5 7 91.64
6 3 26.99
6 4 5.57
6 16 62.96
7 5 129.84
7 2 65.09
7 11 98.41
8 31 22.07
8 21 45.27
8 4 82.87
9 26 43.41
9 33 41.06
9 14 61.0
10 23 28.3
10 18 83.14
10 24 38.58
10 15 91.19
10 33 112.22
10 35 264.62
11 7 79.66
11 29 35.63
11 17 16.83
11 13 15.21
12 2 27.63
12 5 29.62
12 27 20.31
12 19 116.83
13 11 98.88
13 32 30.54
13 28 67.53
13 34 51.29
13 17 94.88
13 29 15.16
14 9 67.13
14 26 36.53
14 20 143.7
15 10 100.55
15 35 104.32
15 18 135.84
16 3 128.71
16 4 48.14
16 6 75.75
16 21 25.68
16 30 61.44
16 25 64.88
16 20 61.02
17 11 78.17
17 29 85.42
17 13 55.94
18 10 28.39
18 15 46.03
18 33 55.09
18 23 25.72
19 27 19.85
19 12 116.44
19 2 58.93
19 35 112.76
20 14 176.23
20 30 19.88
20 26 74.89
20 16 143.76
21 8 61.82
21 16 75.39
21 30 30.67
21 31 116.99
22 1 64.66
22 25 74.16
22 24 129.84
23 10 24.08
23 18 149.63
23 24 22.43
24 10 42.56
24 22 22.01
24 23 31.59
25 16 75.74
25 22 91.59
25 3 101.15
26 9 21.44
26 14 26.32
26 20 132.12
27 2 41.07
27 12 43.68
27 19 11.92
28 13 73.69
28 32 18.72
28 34 64.43
29 11 45.57
29 17 73.05
29 13 79.88
30 16 107.7
30 20 76.07
30 21 84.56
30 31 106.29
31 8 39.12
31 21 88.99
31 30 140.83
32 1 82.69
32 13 24.94
32 28 4.23
32 34 79.87
33 9 69.66
33 18 14.38
33 10 76.31
34 1 70.39
34 13 32.2
34 28 110.09
34 32 36.11
35 15 145.98
35 10 64.38
35 19 214.23
