35
7
21 28 5 24 2 35 20 
1 32 147.05
1 7 161.56
1 13 34.85
2 6 29.08
2 27 50.93
2 33 53.25
2 14 134.85
2 19 40.19
3 13 20.16
3 5 11.82
3 30 77.26
3 32 86.65
4 11 10.9
4 21 14.17
4 9 92.82
4 7 26.44
4 10 124.05
5 3 29.52
5 13 59.68
5 32 107.58
5 8 47.13
6 2 41.64
6 27 2.4
6 28 52.9
6 18 28.19
6 23 68.15
7 1 62.93
7 10 33.98
7 9 20.17
7 4 81.57
8 28 15.9
8 33 56.37
8 5 115.03
9 4 35.92
9 7 73.93
9 10 34.76
9 31 104.55
10 7 13.51
10 9 27.58
10 4 27.49
10 31 43.26
11 4 8.15
11 21 17.61
11 24 48.77
11 30 61.47
12 29 69.8
12 34 68.43
12 17 86.86
12 15 104.73
12 20 32.12
12 25 116.86
13 1 89.11
13 3 13.49
13 5 55.21
13 32 83.31
14 19 61.62
14 33 82.12
14 2 62.84
15 29 56.55
15 26 94.06
15 12 43.81
15 22 192.04
16 34 83.15
16 26 89.09
16 24 26.24
16 35 72.84
17 12 74.68
17 20 46.02
17 34 58.53
17 25 24.11
17 31 125.16
18 6 62.77
18 27 90.69
18 23 20.89
19 14 22.49
19 2 100.5
19 33 88.16
20 17 23.48
20 25 76.62
20 12 82.1
21 4 37.11
21 11 15.93
21 24 26.08
22 23 88.35
22 35 40.42
22 15 199.04
23 18 90.61
23 22 174.49
23 35 20.98
23 6 82.77
24 11 20.35
24 16 116.49
24 21 82.74
24 30 79.2
25 20 19.38
25 17 93.07
25 12 80.89
26 15 30.08
26 16 68.97
26 35 15.81
26 29 34.72
27 2 38.49
27 6 4.47
27 18 74.07
27 28 33.46
27 33 45.22
28 6 62.8
28 8 41.21
28 27 17.48
29 12 72.41
29 15 76.4
29 26 14.74
30 3 51.77
30 24 26.09
30 11 101.7
31 9 21.04
31 10 28.37
31 17 134.99
32 1 136.58
32 5 97.62
32 13 67.69
32 3 22.41
33 2 39.54
33 8 40.98
33 14 43.93
33 19 71.01
33 27 68.62
34 12 28.98
34 16 60.03
34 17 41.49
35 22 149.18
35 23 36.01
35 26 36.08
35 16 120.57
