35
7
4 7 18 31 2 33 28 
1 3 6.72
1 31 39.85
1 23 28.94
2 6 51.71
2 5 73.31
2 21 80.71
3 1 3.65
3 31 63.71
3 23 114.15
4 27 38.46
4 9 123.62
4 18 147.72
5 2 66.04
5 6 10.42
5 17 12.53
5 16 26.09
5 28 96.94
6 2 15.85
6 5 15.66
6 17 55.3
6 21 56.49
6 28 43.73
7 26 36.28
7 14 105.13
7 33 123.16
7 13 40.48
7 24 29.33
8 29 24.76
8 16 22.84
8 17 110.32
8 19 86.37
9 4 151.06
9 18 76.86
9 27 43.49
9 22 34.91
9 10 82.18
10 22 27.06
10 9 56.51
10 18 176.77
11 25 104.52
11 34 35.89
11 12 60.2
12 11 133.7
12 25 36.01
12 30 30.07
12 34 81.15
13 14 18.74
13 7 90.77
13 19 85.16
14 7 114.16
14 13 42.19
14 26 127.05
15 32 14.54
15 20 55.61
15 19 33.79
15 35 42.14
16 8 108.8
16 17 34.88
16 18 90.24
16 5 70.63
16 28 20.1
16 29 140.58
17 5 9.18
17 6 16.7
17 8 81.07
17 16 12.32
18 4 183.62
18 9 50.99
18 10 85.15
18 16 36.41
18 27 35.96
18 29 77.51
19 13 179.88
19 15 31.7
19 8 82.53
19 29 161.97
20 15 83.05
20 32 39.54
20 21 85.91
21 2 81.91
21 20 121.57
21 31 102.53
21 6 44.03
22 9 56.07
22 10 40.9
22 27 76.7
23 1 49.02
23 3 94.78
23 31 108.22
23 35 153.5
24 26 17.74
24 33 81.24
24 7 108.23
25 11 32.59
25 12 51.74
25 34 100.38
25 30 87.59
26 7 26.16
26 14 163.93
26 24 62.24
26 33 19.8
27 4 29.83
27 9 44.63
27 18 38.26
27 22 189.72
28 6 31.6
28 5 96.72
28 16 95.59
29 8 37.82
29 19 26.1
29 18 63.92
29 16 50.31
30 12 155.15
30 34 87.99
30 25 110.78
31 1 42.12
31 3 68.85
31 21 77.6
31 23 125.63
32 15 19.01
32 20 56.71
32 35 83.51
33 7 154.04
33 24 94.65
33 26 97.86
34 11 63.04
34 12 146.15
34 25 24.45
34 30 51.62
35 32 101.76
35 23 154.31
35 15 47.21
