50
10
50 7 15 19 32 13 34 37 49 16 
1 32 14.15
1 33 143.46
1 50 112.58
1 28 51.11
2 47 4.96
2 8 23.6
2 7 42.46
2 11 103.39
3 45 37.4
3 18 31.46
3 43 46.49
3 35 94.86
4 13 12.32
4 17 16.35
4 41 91.85
4 32 114.17
4 33 79.34
5 40 52.09
5 44 23.03
5 29 69.47
6 7 68.07
6 29 57.24
6 44 53.99
6 30 84.62
7 2 19.46
7 6 16.06
7 8 40.11
7 47 14.67
7 29 11.66
8 2 12.51
8 7 41.51
8 47 7.71
8 11 131.09
8 29 70.43
8 40 37.0
8 44 48.1
9 31 49.78
9 12 70.33
9 14 24.66
9 19 55.01
10 19 89.25
10 46 18.26
10 37 111.15
11 47 23.26
11 2 20.76
11 8 65.18
12 9 45.45
12 48 36.36
12 49 62.04
12 21 43.24
12 15 24.95
13 4 41.5
13 17 6.64
13 41 10.66
13 23 26.04
14 9 52.48
14 41 17.66
14 25 98.15
14 31 93.25
15 20 37.32
15 12 65.49
15 34 18.12
16 24 2.65
16 17 76.38
16 36 78.82
17 4 27.41
17 13 7.52
17 16 43.41
17 23 31.53
17 41 37.59
17 27 51.36
18 3 46.09
18 45 11.21
18 43 49.11
19 10 47.95
19 31 27.74
19 9 66.65
20 15 41.32
20 42 33.57
20 34 68.99
21 12 53.22
21 34 10.04
21 49 19.98
21 42 57.3
22 26 0.0
22 36 15.83
22 24 19.41
22 38 38.42
23 13 29.21
23 17 10.52
23 41 47.64
23 27 17.05
24 16 7.5
24 22 20.21
24 36 73.17
24 26 32.64
24 38 27.08
25 14 32.6
25 50 64.6
25 48 39.46
25 49 54.6
26 22 0.0
26 36 11.44
26 24 71.83
26 38 38.82
27 23 91.15
27 17 65.09
27 41 77.36
28 50 240.25
28 1 67.37
28 42 35.91
29 5 88.68
29 6 97.63
29 44 8.99
29 7 53.6
29 8 66.27
30 46 17.19
30 37 32.02
30 6 27.78
30 39 27.98
31 9 50.73
31 19 19.18
31 14 123.15
32 1 80.18
32 33 60.53
32 4 24.38
33 1 123.3
33 32 44.21
33 4 20.93
33 41 63.32
34 15 97.07
34 20 54.31
34 21 5.59
34 49 8.54
34 42 43.73
35 43 10.56
35 45 59.27
35 3 30.01
35 39 90.72
36 16 78.06
36 22 17.28
36 24 64.36
36 26 13.32
37 10 50.04
37 30 98.51
37 46 4.69
38 24 84.2
38 22 42.95
38 26 43.66
39 35 53.84
39 43 35.71
39 30 142.65
40 5 65.32
40 8 143.41
40 47 96.28
41 4 67.02
41 13 21.4
41 14 27.67
41 17 34.13
41 23 36.32
41 27 54.2
41 33 118.9
42 20 50.68
42 21 56.48
42 28 134.68
42 34 33.17
43 3 96.48
43 18 47.37
43 35 17.95
43 39 97.01
43 45 76.76
44 5 29.9
44 6 85.11
44 29 33.27
44 8 52.35
45 3 33.44
45 18 11.18
45 35 50.37
45 43 66.11
46 10 82.26
46 30 65.14
46 37 10.69
47 2 2.31
47 7 29.94
47 8 22.51
47 11 102.7
47 40 149.49
48 12 7.02
48 25 61.15
48 49 39.88
48 50 49.11
49 12 21.82
49 21 17.12
49 25 28.23
49 34 25.63
49 48 10.1
49 50 55.89
50 1 125.34
50 25 65.63
50 28 178.54
50 49 74.71
50 48 40.07
