50
10
24 43 44 31 29 9 20 21 11 25 
1 23 23.7
1 18 47.83
1 33 69.06
1 40 174.83
1 41 43.67
2 11 6.35
2 36 37.49
2 26 20.22
3 8 64.34
3 24 44.18
3 39 94.9
4 9 12.77
4 38 22.06
4 39 19.79
4 5 89.01
4 24 88.0
5 4 57.14
5 9 67.66
5 21 50.37
5 37 151.18
6 29 25.75
6 14 42.08
6 17 64.47
7 32 32.14
7 12 66.75
7 48 38.66
7 16 67.72
7 30 188.71
8 3 30.25
8 24 53.36
8 39 45.75
9 4 16.11
9 5 15.39
9 38 3.02
9 26 28.14
9 25 67.46
10 28 18.43
10 41 46.5
10 15 70.87
11 2 18.53
11 36 31.94
11 25 104.39
12 7 53.83
12 44 26.57
12 49 21.84
12 48 12.22
12 31 73.04
12 32 75.31
13 43 66.37
13 35 33.97
13 45 82.9
14 6 36.47
14 17 5.95
14 42 54.39
14 29 117.51
15 10 48.62
15 50 23.08
15 34 156.13
15 28 105.76
15 30 62.72
16 48 57.23
16 31 92.91
16 7 87.51
17 6 97.99
17 14 3.53
17 42 43.67
18 1 56.97
18 23 30.66
18 33 21.74
18 19 62.19
18 22 33.24
18 27 41.84
19 33 75.94
19 18 116.56
19 23 135.12
19 42 124.24
20 34 8.15
20 50 85.77
20 46 118.91
21 5 21.7
21 25 60.42
21 26 76.64
21 47 14.34
22 45 32.56
22 27 54.36
22 18 54.73
22 37 113.06
23 1 4.78
23 18 7.68
23 19 66.24
23 33 62.32
24 3 155.78
24 8 45.71
24 39 13.02
24 4 87.97
25 11 47.5
25 21 40.37
25 26 27.22
25 9 67.19
25 47 57.81
26 2 85.32
26 9 10.06
26 21 55.99
26 25 41.63
26 38 31.06
26 36 48.15
27 22 97.61
27 45 37.44
27 18 90.62
28 10 6.71
28 41 36.29
28 15 169.26
29 6 19.16
29 43 92.33
29 14 39.56
30 32 137.55
30 7 26.53
30 15 85.38
31 16 49.19
31 48 17.47
31 44 18.48
31 12 38.09
32 7 43.1
32 30 117.65
32 48 40.7
32 12 21.86
33 1 48.94
33 18 52.78
33 19 74.23
33 23 51.15
33 40 76.92
34 15 130.05
34 20 43.52
34 50 26.11
34 46 59.04
35 13 37.03
35 47 33.77
35 43 12.45
36 2 26.05
36 11 38.85
36 26 36.1
36 38 41.64
37 22 101.48
37 45 45.86
37 5 146.58
38 4 43.71
38 9 6.73
38 26 42.5
38 36 22.06
39 3 107.71
39 4 49.24
39 8 57.97
39 24 14.03
40 46 125.86
40 33 66.44
40 1 173.66
41 10 37.51
41 28 46.58
41 1 145.43
42 14 13.32
42 17 65.13
42 19 29.59
43 13 57.37
43 29 97.23
43 35 38.32
43 47 78.99
44 12 18.48
44 31 21.28
44 49 39.72
44 48 45.23
45 13 84.37
45 22 25.64
45 27 45.98
45 37 40.18
46 20 39.17
46 40 74.6
46 34 170.63
47 21 80.09
47 35 47.21
47 43 71.49
47 25 116.16
48 7 87.98
48 12 9.01
48 16 74.15
48 31 16.95
48 32 46.86
48 44 47.07
48 49 24.97
49 12 10.77
49 44 23.04
49 48 46.24
50 15 77.04
50 20 125.21
50 34 59.5
