20
5
13 12 2 5 1 
1 9 73.6
1 10 245.54
1 15 334.96
2 12 28.86
2 6 119.3
2 13 217.3
3 14 129.51
3 15 137.86
3 13 109.15
3 10 128.95
4 17 73.55
4 19 16.11
4 18 34.12
5 7 44.31
5 20 29.46
5 16 119.72
5 8 65.25
6 2 137.53
6 13 54.96
6 12 151.42
6 8 140.0
6 14 136.7
7 5 13.77
7 20 74.85
7 8 59.72
8 6 74.81
8 7 29.7
8 5 53.47
8 20 48.94
9 1 104.34
9 10 282.09
9 11 62.65
10 1 46.84
10 9 128.8
10 15 52.94
10 3 110.05
10 20 194.27
11 9 178.3
11 16 53.17
11 18 64.18
11 17 243.71
12 2 46.16
12 6 35.03
12 13 131.14
13 2 139.3
13 3 149.95
13 6 68.4
13 12 195.74
13 14 92.43
14 3 83.86
14 13 39.75
14 6 97.73
15 1 127.38
15 3 135.58
15 10 27.93
15 20 54.1
16 5 47.21
16 11 110.02
16 19 122.9
17 4 52.94
17 11 234.93
17 19 18.75
17 18 87.08
18 4 112.46
18 11 56.06
18 17 48.61
18 19 73.5
19 4 52.24
19 16 129.39
19 17 16.66
19 18 87.39
20 5 13.59
20 7 45.18
20 8 41.69
20 10 225.95
20 15 73.66
