50
10
48 49 16 38 40 11 9 22 28 46 
1 18 0.0
1 6 48.28
1 13 46.01
1 7 79.29
2 26 5.24
2 39 106.9
2 25 107.73
2 37 240.5
3 4 34.22
3 11 43.55
3 27 70.82
3 36 189.87
4 3 10.18
4 11 30.23
4 28 78.88
5 46 11.34
5 40 30.77
5 9 106.78
6 1 36.5
6 48 17.36
6 45 46.06
6 7 76.25
6 18 51.18
6 21 36.3
6 38 12.34
7 6 89.47
7 38 15.62
7 1 109.59
7 27 23.25
8 16 7.42
8 14 23.35
8 31 11.0
9 5 71.14
9 40 4.95
9 35 20.42
9 33 62.94
10 19 45.36
10 47 87.86
10 30 94.99
11 3 24.6
11 4 16.86
11 28 50.56
12 29 42.35
12 39 27.19
12 22 37.43
13 1 11.9
13 48 28.68
13 18 22.62
13 14 27.53
14 8 76.51
14 13 32.76
14 16 34.56
15 43 28.14
15 31 56.38
15 44 27.3
15 42 96.08
16 8 6.09
16 14 84.6
16 31 32.38
17 20 6.7
17 33 18.52
17 25 50.94
18 1 0.0
18 13 21.92
18 6 16.7
19 10 44.5
19 47 11.23
19 30 132.46
20 17 2.11
20 33 24.85
20 25 16.03
21 45 20.69
21 38 16.37
21 6 40.99
21 41 51.22
22 12 46.49
22 29 56.39
22 46 19.33
23 42 11.31
23 44 23.17
23 30 152.96
24 50 56.58
24 34 71.75
24 28 56.82
25 2 122.38
25 17 127.41
25 20 99.05
25 26 38.86
25 49 136.28
26 2 15.2
26 25 130.11
26 39 78.61
27 3 50.14
27 36 88.9
27 7 171.23
28 4 116.42
28 11 34.46
28 24 59.87
28 34 16.38
28 50 36.56
29 12 39.64
29 22 67.99
29 39 85.08
30 10 29.74
30 19 130.29
30 23 50.76
31 8 60.9
31 15 58.42
31 16 33.58
31 43 55.97
31 47 23.26
32 37 42.53
32 49 65.72
32 44 36.58
33 9 31.35
33 17 37.09
33 20 63.98
33 40 60.17
33 35 130.06
34 24 51.66
34 28 20.1
34 50 10.72
35 9 34.89
35 40 48.55
35 33 82.3
36 27 34.73
36 41 199.12
36 3 84.3
37 32 23.38
37 49 158.75
37 2 52.06
38 7 76.59
38 21 15.96
38 45 24.41
38 6 12.32
38 41 60.73
39 2 158.84
39 12 71.38
39 26 157.85
39 29 49.77
40 5 185.43
40 9 6.38
40 33 47.48
40 35 63.67
40 46 122.09
41 36 36.3
41 38 87.57
41 21 102.91
41 45 24.06
42 23 20.25
42 44 62.28
42 15 114.65
43 15 41.36
43 31 38.2
43 47 27.4
44 15 28.19
44 23 97.8
44 32 51.0
44 42 32.74
44 49 22.33
45 6 44.8
45 21 16.48
45 38 25.24
45 41 28.26
45 48 7.56
46 5 48.07
46 22 52.45
46 40 136.81
47 10 42.47
47 19 41.05
47 43 49.13
47 31 92.92
48 6 9.63
48 13 32.04
48 45 18.74
49 32 49.06
49 37 226.82
49 44 71.7
49 25 136.97
50 24 27.86
50 28 15.86
50 34 8.66
