50
10
34 50 2 49 31 25 18 30 15 28 
1 2 56.61
1 20 35.9
1 4 110.71
1 37 50.77
2 1 42.7
2 37 28.08
2 16 89.99
2 4 175.92
2 20 132.68
3 47 45.4
3 30 91.07
3 41 78.21
4 1 18.72
4 20 30.11
4 2 160.74
5 19 82.39
5 14 50.91
5 21 46.16
5 9 84.25
6 42 9.68
6 13 25.28
6 50 62.8
6 29 58.75
6 43 44.62
7 33 33.23
7 35 20.88
7 25 56.49
7 49 17.29
8 11 49.07
8 50 29.06
8 42 43.64
8 22 126.34
8 29 22.86
9 33 95.64
9 5 129.54
9 49 127.68
10 28 35.8
10 48 50.59
10 44 77.49
10 12 60.19
10 31 101.42
11 8 74.65
11 50 62.48
11 36 44.29
11 16 74.68
12 28 53.75
12 43 53.0
12 10 153.97
13 6 22.51
13 42 27.71
13 50 24.25
13 43 28.25
14 5 65.53
14 41 4.77
14 30 23.2
14 47 41.94
14 40 47.96
15 40 13.17
15 38 35.03
15 30 36.8
16 2 74.64
16 37 9.89
16 11 91.87
16 22 44.61
17 25 45.53
17 35 21.81
17 31 102.11
18 45 175.25
18 23 176.61
18 39 189.99
19 5 22.2
19 27 48.16
19 32 14.88
19 21 53.92
20 1 98.88
20 4 20.73
20 2 153.61
21 5 68.63
21 19 35.63
21 27 14.75
21 35 20.39
21 32 30.83
22 29 75.65
22 8 99.26
22 16 80.98
23 18 164.27
23 45 45.08
23 39 63.44
23 43 149.38
24 36 6.66
24 26 20.13
24 46 45.64
25 7 111.53
25 17 21.92
25 35 40.77
26 24 33.2
26 46 31.45
26 38 25.24
26 34 52.78
26 36 89.36
27 19 15.41
27 21 53.14
27 32 8.57
28 10 30.26
28 12 64.41
28 48 35.64
29 22 25.28
29 8 14.09
29 42 51.81
29 6 98.56
30 3 108.62
30 14 28.36
30 15 51.13
30 41 19.26
30 47 27.5
30 40 28.71
31 17 90.6
31 44 143.33
31 10 62.14
32 19 42.95
32 27 23.06
32 21 111.91
33 7 25.56
33 9 65.01
33 35 68.64
33 49 84.25
34 38 45.58
34 46 80.81
34 26 71.3
35 7 30.59
35 17 31.97
35 21 61.99
35 25 18.44
35 33 67.64
36 11 77.02
36 24 14.15
36 26 26.61
36 46 93.64
37 2 20.47
37 16 25.87
37 1 20.81
38 15 48.39
38 26 12.94
38 34 22.15
38 46 66.74
39 18 114.88
39 23 48.96
39 45 47.92
39 42 29.77
40 15 12.64
40 30 47.3
40 14 30.69
41 3 59.64
41 14 6.95
41 30 22.0
41 47 31.28
42 6 9.22
42 8 75.99
42 13 23.54
42 29 77.0
42 39 71.11
42 50 52.04
42 43 45.22
43 12 120.7
43 23 153.59
43 6 44.54
43 13 102.2
43 42 75.99
44 10 76.24
44 31 99.87
44 48 106.1
45 18 87.61
45 23 19.9
45 39 84.03
46 24 24.29
46 26 7.97
46 34 120.55
46 38 72.65
46 36 33.57
47 3 58.58
47 14 51.1
47 30 50.7
47 41 36.79
48 10 51.97
48 28 35.74
48 44 83.36
49 9 102.76
49 33 102.44
49 7 26.1
50 6 38.93
50 8 74.94
50 11 90.75
50 13 16.06
50 42 57.08
