35
7
8 29 21 27 32 15 33 
1 23 8.09
1 19 171.83
1 14 72.18
2 22 37.29
2 34 50.15
2 20 136.5
3 32 18.77
3 15 13.02
3 12 70.45
3 14 145.57
4 30 39.25
4 26 31.87
4 19 61.38
4 18 55.66
5 12 23.55
5 15 24.57
5 17 44.78
5 16 41.39
5 32 69.19
6 9 25.53
6 35 43.82
6 20 98.82
7 10 22.39
7 29 25.9
7 27 19.54
7 11 70.79
7 24 40.61
7 25 49.57
7 31 47.75
8 25 91.73
8 28 25.15
8 10 102.79
9 6 23.35
9 35 38.92
9 20 157.81
10 7 27.4
10 8 105.31
10 29 16.28
10 27 66.89
11 27 20.2
11 29 37.14
11 7 62.98
11 17 71.29
11 21 70.29
12 3 120.72
12 5 26.66
12 15 58.45
12 16 11.87
12 13 84.68
13 16 20.05
13 12 65.19
13 15 101.78
14 1 272.57
14 32 48.0
14 3 155.86
14 15 167.89
15 3 59.86
15 5 25.17
15 12 10.94
15 13 26.0
15 14 163.09
15 32 17.09
16 12 62.59
16 13 35.29
16 5 20.13
17 5 60.75
17 11 83.68
17 31 21.47
18 4 126.59
18 21 90.14
18 19 105.69
18 23 193.63
19 1 246.66
19 4 19.59
19 18 167.63
19 26 95.8
19 30 97.71
19 23 74.34
20 2 99.68
20 6 156.75
20 9 38.09
20 35 126.11
21 18 158.54
21 11 56.71
21 27 19.57
21 29 149.57
22 2 51.36
22 34 45.16
22 33 148.97
23 1 50.46
23 19 173.02
23 18 218.39
24 25 10.95
24 7 96.61
24 31 35.31
25 8 26.57
25 24 8.25
25 7 125.9
25 28 88.18
26 4 60.26
26 19 58.89
26 30 2.3
27 7 23.32
27 10 57.32
27 11 25.02
27 21 63.61
27 29 16.71
28 8 125.53
28 33 56.76
28 25 56.78
29 7 20.52
29 10 43.25
29 11 25.05
29 21 35.59
29 27 7.55
30 4 30.41
30 19 110.03
30 26 13.8
31 17 107.06
31 24 58.64
31 7 83.53
32 3 26.55
32 14 97.2
32 15 17.65
32 5 80.72
33 22 166.53
33 28 25.55
33 34 163.82
34 2 41.37
34 22 58.37
34 33 83.89
35 6 27.41
35 9 34.0
35 20 43.02
