35
7
6 28 33 35 15 21 31 
1 28 26.24
1 23 85.31
1 29 96.05
1 31 76.43
2 27 33.23
2 32 73.43
2 24 55.4
3 21 12.22
3 32 27.89
3 15 77.18
4 14 37.59
4 20 54.72
4 17 115.75
4 24 38.71
5 25 106.24
5 6 148.52
5 31 41.43
6 5 30.27
6 25 24.31
6 7 37.56
7 6 117.33
7 33 59.07
7 18 48.55
7 25 142.92
8 34 21.66
8 20 21.98
8 9 107.09
9 8 62.29
9 35 62.32
9 18 68.01
9 34 49.42
9 13 100.83
10 26 49.97
10 12 155.45
10 15 129.05
11 35 67.44
11 18 24.91
11 33 37.4
11 28 73.23
11 31 35.48
12 10 148.93
12 15 27.06
12 26 99.87
12 23 134.82
12 21 31.41
13 30 64.45
13 29 57.09
13 9 65.59
13 27 90.89
14 4 56.59
14 17 99.11
14 20 35.87
15 3 36.79
15 10 118.31
15 12 66.9
15 21 57.17
16 19 13.89
16 22 93.04
16 20 108.33
17 4 116.08
17 14 67.25
17 24 36.03
18 7 139.35
18 9 16.78
18 11 29.19
18 35 21.75
18 33 50.93
19 16 34.55
19 22 53.76
19 20 155.04
20 4 42.8
20 8 95.77
20 14 94.98
20 16 94.6
20 19 121.24
20 34 20.81
20 22 213.32
20 24 136.84
21 3 63.19
21 15 70.03
21 12 129.57
22 16 32.26
22 19 22.36
22 20 55.98
23 1 22.42
23 12 48.49
23 30 90.31
23 26 76.81
24 2 101.3
24 17 156.03
24 4 86.24
24 20 82.42
25 5 77.24
25 6 10.88
25 7 82.01
26 10 99.18
26 12 65.19
26 23 115.09
27 2 67.58
27 32 22.61
27 13 178.49
28 1 14.49
28 29 18.0
28 11 65.3
29 1 60.29
29 13 15.3
29 28 27.77
29 30 134.16
30 13 14.92
30 23 36.83
30 29 125.24
31 5 67.79
31 11 181.3
31 1 199.58
32 2 91.29
32 3 41.66
32 27 94.27
33 7 72.62
33 11 64.23
33 18 68.35
34 8 38.03
34 9 64.96
34 20 97.26
35 9 19.39
35 11 73.54
35 18 41.75
