50
10
5 42 16 4 46 28 21 14 11 39 
1 19 50.82
1 50 15.07
1 6 38.54
2 36 69.57
2 46 64.3
2 28 115.73
2 45 96.07
3 10 29.2
3 21 51.6
3 8 39.18
3 7 75.73
4 48 9.02
4 37 83.9
4 11 72.74
4 25 164.05
5 16 15.58
5 49 10.61
5 23 38.74
6 1 142.14
6 29 15.23
6 14 41.05
6 50 54.64
6 19 67.42
6 38 64.04
7 22 15.58
7 8 13.03
7 3 98.7
7 31 116.45
8 3 18.05
8 7 37.88
8 22 22.76
9 18 9.11
9 34 33.03
9 32 42.39
9 28 109.4
9 49 70.17
10 3 67.83
10 21 0.0
10 12 54.81
10 39 58.75
11 4 26.03
11 49 19.84
11 40 21.19
11 25 136.16
12 10 34.44
12 15 0.0
12 35 10.05
12 30 75.77
12 21 21.4
12 43 68.63
13 27 49.04
13 20 51.01
13 48 99.21
13 42 89.37
14 6 40.3
14 29 12.92
14 32 59.07
15 12 0.0
15 35 19.16
15 30 27.4
16 5 22.42
16 23 19.09
16 49 54.1
17 24 17.06
17 33 62.41
17 45 168.68
18 9 39.68
18 34 7.32
18 32 39.55
18 40 51.16
19 1 10.91
19 50 7.38
19 6 47.06
19 38 153.22
20 13 35.9
20 27 9.21
20 42 95.26
21 3 61.83
21 10 0.0
21 12 110.62
22 7 15.89
22 8 33.82
22 31 32.05
23 5 17.37
23 16 35.56
23 31 18.19
23 37 81.68
24 17 67.66
24 33 91.18
24 45 238.2
25 40 64.64
25 4 157.62
25 11 31.48
26 41 43.89
26 30 41.09
26 44 32.7
26 47 91.32
27 13 28.29
27 20 29.71
27 42 61.91
28 2 19.15
28 46 6.89
28 9 22.28
29 6 40.21
29 14 5.19
29 32 15.46
30 12 83.19
30 15 18.32
30 26 37.94
30 41 18.8
30 44 41.76
30 35 34.54
30 47 50.03
31 22 50.67
31 23 81.53
31 7 146.96
32 9 49.76
32 14 56.54
32 18 8.44
32 29 67.1
32 34 24.65
33 17 11.78
33 24 57.49
33 45 72.5
34 9 20.23
34 18 2.05
34 32 32.24
34 40 11.5
35 12 18.06
35 15 3.29
35 30 34.88
35 43 71.93
36 2 33.36
36 45 39.87
36 46 105.33
37 4 23.63
37 48 11.18
37 23 82.42
38 6 138.84
38 19 147.79
38 50 34.79
39 47 21.87
39 45 130.09
39 10 108.08
40 11 36.77
40 25 127.99
40 34 30.69
40 18 43.92
41 26 13.58
41 30 7.84
41 44 6.22
42 20 62.25
42 27 63.41
42 13 98.11
43 35 82.91
43 44 23.26
43 12 72.56
44 26 54.49
44 30 37.39
44 41 2.48
44 43 73.99
45 17 239.19
45 24 95.72
45 33 109.7
45 36 39.68
45 39 65.06
45 2 142.89
46 2 45.34
46 28 18.64
46 36 74.92
47 39 39.71
47 30 72.45
47 26 106.16
48 4 28.76
48 13 52.26
48 37 9.34
49 5 40.11
49 11 40.83
49 16 64.13
49 9 51.26
50 1 30.35
50 6 67.17
50 19 8.45
50 38 119.14
