20
5
2 20 13 5 6 
1 10 52.3
1 20 11.74
1 17 17.75
2 16 18.83
2 8 94.11
2 7 50.53
2 13 44.77
3 6 124.43
3 18 187.43
3 14 194.85
4 20 39.34
4 10 36.76
4 17 28.02
5 12 9.92
5 8 63.57
5 10 103.56
6 3 127.23
6 18 106.97
6 14 59.87
7 2 167.63
7 11 58.16
7 16 124.23
7 19 173.71
8 2 41.07
8 5 78.48
8 12 60.6
9 13 14.84
9 14 127.19
9 15 267.29
10 1 35.09
10 4 141.33
10 5 107.66
10 20 41.43
10 17 121.12
11 7 30.52
11 19 123.16
11 16 114.11
12 5 75.34
12 8 40.79
12 18 46.58
13 9 108.82
13 14 58.56
13 2 159.35
13 15 155.43
14 3 75.51
14 6 101.43
14 9 162.24
14 13 198.16
14 18 108.36
15 9 55.65
15 19 68.87
15 13 277.54
16 2 6.3
16 7 134.85
16 11 74.92
17 1 81.8
17 4 135.19
17 20 15.24
17 10 35.6
18 3 35.26
18 6 87.26
18 12 144.3
18 14 90.8
19 11 41.27
19 15 38.56
19 7 58.28
20 1 78.99
20 4 85.1
20 10 43.98
20 17 39.19
