50
10
20 45 47 46 23 19 24 28 44 39 
1 8 34.96
1 5 29.18
1 14 11.19
1 30 133.93
2 33 1.53
2 50 32.22
2 37 69.93
2 31 75.72
2 44 36.34
3 8 56.92
3 19 28.58
3 32 78.96
4 41 50.1
4 6 99.18
4 18 84.67
5 1 24.78
5 14 6.38
5 21 31.45
5 8 63.39
6 4 55.6
6 36 69.7
6 41 56.88
6 24 42.2
7 17 18.81
7 26 83.21
7 38 124.97
7 10 70.45
8 1 11.91
8 3 9.93
8 5 85.28
8 30 113.7
9 19 5.45
9 29 37.65
9 42 16.88
10 23 111.79
10 37 48.69
10 7 46.18
10 48 94.55
11 28 66.71
11 35 93.12
11 24 142.74
12 47 7.82
12 39 86.45
12 13 22.74
13 12 83.06
13 47 104.59
13 48 51.3
14 1 76.51
14 5 24.24
14 40 53.65
14 21 47.56
14 20 72.03
15 20 49.78
15 46 39.26
15 40 48.71
15 18 63.04
16 24 14.13
16 28 113.27
16 38 103.82
17 7 99.11
17 26 0.0
17 38 49.15
17 43 39.38
18 4 72.77
18 46 22.82
18 15 92.36
18 20 45.54
19 3 17.02
19 9 38.82
19 45 18.51
19 29 20.17
20 15 60.84
20 18 72.86
20 40 30.53
20 14 41.09
20 46 36.64
21 5 19.99
21 14 62.78
21 40 38.05
22 49 43.96
22 34 81.84
22 31 45.9
22 30 125.39
23 10 98.37
23 42 58.07
23 29 68.3
24 11 25.07
24 16 22.38
24 28 30.2
24 6 125.93
24 35 72.77
25 36 7.31
25 42 47.06
25 29 85.66
26 7 92.8
26 17 0.0
26 38 63.18
27 39 26.01
27 43 78.66
27 47 87.8
28 11 80.43
28 16 107.53
28 24 74.56
28 35 160.31
28 41 97.75
29 9 41.39
29 23 16.43
29 25 43.84
29 42 19.82
29 19 40.16
30 22 60.66
30 8 93.51
30 1 148.12
31 22 113.58
31 49 26.12
31 50 80.33
31 2 43.86
31 44 53.86
32 3 13.65
32 34 11.82
32 45 27.8
33 2 7.99
33 50 16.16
33 37 79.34
34 22 55.47
34 32 16.56
34 45 83.24
35 11 14.3
35 28 125.04
35 24 244.99
36 6 50.23
36 25 14.52
36 42 76.08
37 2 45.46
37 10 66.61
37 33 45.42
37 50 69.03
37 48 203.3
38 7 24.92
38 16 68.35
38 17 39.82
38 26 19.91
38 42 102.62
39 12 52.14
39 27 48.61
39 47 49.45
39 43 119.04
40 14 14.72
40 15 42.38
40 20 8.82
40 21 41.93
41 4 20.3
41 6 22.53
41 28 42.62
42 9 67.39
42 23 29.63
42 25 29.87
42 29 24.25
42 36 104.88
42 38 79.52
43 27 45.52
43 39 103.52
43 17 37.61
44 31 87.18
44 49 73.96
44 2 71.5
45 19 27.85
45 32 14.32
45 34 83.04
46 15 43.03
46 18 37.44
46 20 36.81
47 12 21.78
47 13 144.5
47 27 36.89
47 39 18.73
48 13 47.58
48 10 136.97
48 37 99.04
49 22 50.75
49 31 53.05
49 44 92.58
50 2 44.48
50 31 72.22
50 33 25.03
50 37 28.85
