20
5
12 13 3 16 14 
1 2 131.17
1 13 61.17
1 4 125.12
2 1 65.35
2 13 32.6
2 4 44.43
2 6 63.83
3 16 20.32
3 19 124.23
3 10 51.99
4 1 22.52
4 2 59.57
4 6 57.17
4 13 60.92
4 15 46.6
5 15 50.32
5 20 73.57
5 6 87.66
6 2 106.52
6 4 56.53
6 5 125.86
6 15 35.51
7 17 105.79
7 11 268.97
7 18 185.19
8 20 32.07
8 14 150.32
8 9 131.73
9 8 177.23
9 14 112.4
9 20 67.82
10 3 121.76
10 19 12.48
10 13 29.22
10 11 104.14
10 16 204.52
11 7 152.06
11 13 158.2
11 19 44.1
11 10 58.11
12 18 53.64
12 17 52.55
12 14 214.64
13 1 113.42
13 2 18.1
13 4 109.49
13 10 82.53
13 11 112.25
13 19 21.6
14 8 62.12
14 9 81.64
14 12 229.06
14 18 103.89
14 20 133.49
15 5 19.22
15 6 61.6
15 4 28.13
15 20 100.79
16 3 30.96
16 19 125.45
16 10 119.24
17 7 72.31
17 12 134.38
17 18 75.77
18 7 201.03
18 12 95.29
18 14 159.09
18 17 85.73
19 3 29.98
19 10 10.86
19 11 83.21
19 16 183.03
19 13 91.86
20 5 111.0
20 8 32.0
20 9 174.04
20 14 104.19
20 15 178.84
