50
10
14 42 25 29 30 43 34 2 26 10 
1 12 35.84
1 22 49.29
1 39 78.36
2 5 49.19
2 38 39.23
2 23 96.44
2 19 109.48
3 24 53.19
3 33 165.67
3 34 95.65
4 10 50.01
4 46 54.24
4 37 53.27
4 6 77.89
4 50 92.31
5 2 58.7
5 23 61.08
5 38 136.95
5 19 68.88
6 10 67.58
6 4 45.3
6 7 100.76
6 31 61.17
7 6 111.32
7 31 100.09
7 23 81.68
8 45 15.84
8 11 24.56
8 13 38.98
9 35 38.4
9 42 63.25
9 46 74.22
9 31 66.28
10 4 18.92
10 6 20.41
10 50 47.96
11 8 29.42
11 39 49.03
11 45 54.39
11 30 31.49
12 1 24.81
12 22 2.03
12 39 72.4
13 8 8.19
13 45 35.41
13 25 67.58
14 29 23.89
14 17 24.01
14 47 60.55
15 41 36.98
15 30 39.3
15 18 87.98
16 43 31.73
16 44 8.62
16 18 113.44
17 14 92.57
17 49 28.66
17 21 16.3
17 25 40.42
17 29 18.79
18 15 99.84
18 16 44.47
18 44 61.88
18 43 48.28
18 41 125.59
19 38 22.2
19 2 116.56
19 5 37.58
20 48 12.33
20 27 52.63
20 42 77.13
21 17 50.44
21 49 13.9
21 32 59.21
21 28 57.32
21 25 63.55
22 1 28.64
22 12 10.19
22 39 80.8
23 2 91.61
23 5 19.88
23 7 141.84
23 26 77.33
24 3 17.96
24 34 97.73
24 26 72.33
25 13 55.82
25 17 69.9
25 49 25.0
25 32 69.95
25 21 16.03
26 23 85.46
26 24 99.1
26 34 6.34
26 33 90.25
27 20 61.37
27 42 11.5
27 48 10.9
27 35 51.24
27 37 22.49
28 21 63.48
28 32 23.62
28 40 38.29
28 36 70.11
29 14 28.14
29 17 69.25
29 47 77.55
29 50 34.23
30 15 69.65
30 41 42.14
30 11 73.96
31 7 105.74
31 9 108.71
31 6 71.63
31 46 111.57
32 21 55.42
32 25 23.92
32 28 44.01
32 40 15.05
33 3 149.04
33 26 117.78
33 36 21.84
33 34 36.39
34 3 111.03
34 24 88.42
34 26 7.38
34 33 117.13
35 9 48.56
35 42 42.4
35 27 35.96
36 33 32.54
36 40 33.63
36 28 105.12
37 4 49.24
37 46 15.18
37 42 39.74
37 27 20.63
38 2 78.92
38 5 79.02
38 19 33.35
39 1 80.67
39 11 47.05
39 12 90.36
39 22 89.43
39 45 41.37
40 28 19.04
40 32 19.62
40 36 20.85
41 15 27.39
41 30 36.87
41 18 50.12
42 9 25.75
42 20 51.73
42 27 30.65
42 35 39.88
42 37 22.05
42 46 26.93
42 48 30.08
43 16 41.58
43 18 58.3
43 44 17.12
44 16 62.87
44 18 47.58
44 43 4.65
45 8 10.25
45 11 50.76
45 13 78.22
45 39 48.92
46 4 17.04
46 9 10.96
46 31 75.8
46 37 14.46
46 42 17.33
47 14 40.68
47 29 51.25
47 50 71.53
48 20 6.12
48 27 17.33
48 42 61.41
49 17 9.43
49 21 32.49
49 25 35.79
50 10 96.16
50 47 33.76
50 4 66.87
50 29 132.38
