35
7
34 7 30 19 8 12 20 
1 28 9.74
1 29 80.53
1 21 36.92
2 11 17.57
2 4 31.74
2 9 19.47
2 6 34.25
2 26 17.88
3 25 74.04
3 10 23.19
3 22 68.29
3 16 38.66
3 23 121.28
4 2 36.84
4 11 35.28
4 33 71.77
5 20 61.38
5 24 100.34
5 13 24.88
5 17 121.44
6 2 70.44
6 11 116.48
6 9 147.31
7 15 15.87
7 35 11.28
7 27 36.76
7 14 143.32
8 13 44.6
8 18 46.43
8 30 121.13
8 17 123.85
9 2 73.34
9 6 26.9
9 26 17.49
9 11 76.3
9 33 37.81
10 3 29.13
10 25 57.72
10 22 54.08
11 2 8.13
11 4 19.54
11 6 27.29
11 9 61.78
11 33 102.28
12 19 19.02
12 31 67.71
12 35 57.04
12 34 42.02
13 5 16.7
13 8 74.29
13 24 110.6
13 30 60.91
14 15 29.8
14 18 115.22
14 7 62.16
15 7 73.15
15 14 46.96
15 32 99.75
15 21 75.88
16 23 23.96
16 3 147.91
16 22 90.28
17 20 116.15
17 5 127.31
17 8 213.91
18 8 93.89
18 14 54.75
18 30 20.77
19 12 25.33
19 31 27.33
19 35 45.05
19 34 14.11
20 5 9.43
20 17 71.97
20 24 64.19
21 1 74.3
21 15 66.47
21 32 7.2
21 28 25.56
21 29 21.15
22 3 126.32
22 10 56.97
22 16 160.79
22 23 46.04
22 25 43.45
23 16 31.89
23 22 55.75
23 3 128.67
24 5 42.81
24 13 120.9
24 20 138.89
25 3 74.87
25 10 16.41
25 22 60.23
26 9 38.89
26 33 30.3
26 2 26.34
27 7 15.71
27 35 52.69
27 32 69.71
28 1 31.73
28 21 27.54
28 29 37.32
28 32 54.9
29 1 83.5
29 28 53.42
29 21 80.02
30 8 140.32
30 18 16.78
30 13 101.5
31 12 37.29
31 19 18.77
31 34 95.93
32 15 93.35
32 21 6.75
32 27 106.74
32 28 41.16
33 4 86.88
33 26 24.52
33 9 56.67
33 11 95.23
34 31 13.16
34 19 106.29
34 12 21.76
35 7 55.48
35 12 51.38
35 19 92.18
35 27 26.86
