20
5
5 6 12 4 18 
1 18 24.48
1 16 38.47
1 8 98.06
1 15 124.51
2 14 57.73
2 8 39.18
2 13 42.41
2 20 132.6
3 11 50.05
3 17 124.07
3 19 116.62
4 12 94.88
4 7 134.66
4 16 190.45
5 10 3.38
5 15 147.45
5 6 339.89
6 5 298.05
6 13 34.05
6 9 18.57
6 8 25.92
6 10 278.91
7 4 26.38
7 12 136.02
7 11 151.55
8 1 109.32
8 2 107.95
8 6 141.37
8 14 62.11
8 18 30.77
8 13 73.92
8 16 122.49
9 6 50.87
9 13 67.21
9 20 22.25
10 5 1.69
10 15 171.73
10 6 133.92
11 3 45.26
11 7 47.84
11 17 32.3
11 19 25.99
12 4 119.43
12 7 82.97
12 17 95.81
13 2 181.32
13 6 62.23
13 8 25.59
13 9 43.81
13 20 123.04
14 2 40.43
14 8 60.09
14 18 35.12
15 5 37.24
15 10 103.71
15 18 19.37
15 1 102.25
15 16 108.2
16 1 35.87
16 4 233.37
16 15 125.31
16 18 12.13
16 8 73.47
17 3 122.6
17 11 77.44
17 12 278.77
17 19 14.02
18 1 7.64
18 8 12.83
18 14 91.46
18 15 29.73
18 16 46.24
19 3 54.34
19 11 27.75
19 17 30.8
20 9 109.38
20 13 135.93
20 2 204.08
