20
5
20 2 13 15 3 
1 15 17.34
1 9 137.69
1 3 135.88
2 5 37.36
2 20 115.78
2 16 97.97
2 17 59.08
3 1 30.21
3 9 40.17
3 15 44.84
4 18 138.42
4 6 142.03
4 5 69.42
4 10 131.9
5 2 55.39
5 4 140.96
5 20 7.83
5 6 37.63
5 12 102.24
6 4 154.3
6 5 23.9
6 12 7.24
6 20 73.66
6 18 119.14
7 19 17.35
7 13 73.55
7 14 109.09
7 8 72.23
8 14 14.37
8 7 36.49
8 19 127.39
8 10 46.35
9 1 56.99
9 3 58.71
9 15 53.52
9 11 101.72
10 18 47.89
10 4 226.11
10 8 300.92
11 16 31.33
11 17 79.95
11 9 265.17
12 5 22.43
12 6 13.81
12 20 21.85
13 7 38.48
13 19 26.91
13 14 133.18
14 7 20.33
14 8 11.12
14 13 74.44
14 19 150.37
15 1 89.34
15 3 179.51
15 9 86.01
15 16 109.29
16 2 196.01
16 11 51.56
16 15 55.44
16 17 197.88
17 11 226.03
17 2 161.04
17 16 294.07
18 4 139.81
18 10 118.79
18 6 228.7
19 7 16.37
19 8 155.05
19 13 29.41
19 14 98.27
20 2 38.24
20 5 21.85
20 6 49.0
20 12 79.83
