20
5
7 11 10 14 15 
1 10 116.07
1 5 46.02
1 6 84.26
1 19 50.84
2 20 13.56
2 15 185.9
2 13 137.61
3 16 28.96
3 12 28.16
3 14 98.96
3 8 220.33
4 9 31.53
4 8 130.5
4 16 46.91
4 17 228.65
5 1 21.24
5 10 15.6
5 6 36.12
5 11 61.51
5 7 86.7
5 14 126.25
5 18 29.96
6 1 82.0
6 5 21.31
6 10 47.26
6 11 62.65
6 7 104.42
6 19 161.28
7 11 31.59
7 6 79.41
7 5 111.85
8 4 43.74
8 16 105.14
8 3 199.02
9 4 54.35
9 17 37.4
9 16 196.74
10 1 103.74
10 5 2.73
10 6 48.06
10 11 99.33
10 19 191.86
11 5 48.51
11 6 27.81
11 7 24.86
11 10 51.57
12 3 86.8
12 14 43.22
12 18 9.68
12 16 137.32
13 2 249.99
13 15 17.64
13 20 187.44
13 14 260.15
14 3 169.26
14 12 19.7
14 13 247.51
14 18 14.39
14 5 139.03
14 15 198.46
14 16 106.48
15 2 175.67
15 13 27.31
15 20 159.46
15 14 130.91
16 3 18.51
16 4 179.29
16 8 292.92
16 9 81.42
16 12 177.74
16 14 100.86
16 17 215.5
17 9 78.81
17 4 119.59
17 16 77.54
18 12 51.09
18 14 23.46
18 5 58.17
19 1 161.68
19 10 220.9
19 6 266.12
20 2 59.02
20 13 93.96
20 15 167.21
