20
5
16 15 19 8 7 
1 14 42.41
1 11 125.08
1 3 199.43
2 6 45.35
2 5 42.25
2 7 66.69
2 18 184.34
3 1 166.06
3 17 47.07
3 19 99.78
3 7 45.73
3 14 180.33
4 13 16.73
4 16 133.04
4 20 203.6
4 9 73.73
5 2 104.85
5 7 13.91
5 6 87.46
5 8 77.48
5 10 28.39
5 12 98.53
5 15 147.14
6 2 50.98
6 5 55.9
6 15 123.87
6 18 334.11
7 2 116.16
7 3 32.63
7 5 66.03
7 19 26.46
7 8 16.71
7 17 122.97
8 5 59.63
8 7 47.3
8 19 34.19
8 10 92.66
8 12 49.32
9 16 77.72
9 11 84.89
9 4 141.61
9 13 237.78
10 8 101.26
10 12 3.23
10 5 61.59
11 1 94.36
11 9 55.71
11 16 179.51
11 14 260.17
12 10 6.77
12 8 65.37
12 5 77.87
12 15 174.31
13 4 11.63
13 16 42.41
13 9 203.62
14 1 26.9
14 3 228.46
14 11 132.49
15 6 21.58
15 5 162.6
15 12 37.5
16 4 127.08
16 9 68.61
16 11 56.79
16 13 146.1
17 3 50.33
17 19 103.61
17 7 221.38
17 20 191.85
18 20 167.92
18 2 41.83
18 6 213.38
19 3 69.51
19 7 73.72
19 8 83.24
19 17 128.69
20 4 201.95
20 18 240.32
20 17 57.85
