50
10
18 22 32 26 19 4 8 15 3 9 
1 3 34.58
1 6 41.63
1 47 59.96
1 36 45.44
2 21 81.34
2 10 59.53
2 8 66.46
2 38 211.97
3 1 44.2
3 6 24.57
3 47 13.21
4 22 43.42
4 13 109.79
4 30 120.08
5 40 24.84
5 48 19.3
5 29 10.8
5 19 45.15
6 1 37.54
6 3 46.68
6 47 7.09
6 28 78.12
7 43 15.58
7 11 15.16
7 16 64.67
7 35 108.83
8 2 216.36
8 26 76.34
8 33 17.69
8 46 64.95
9 50 24.2
9 39 96.49
9 45 128.85
10 2 38.53
10 21 48.92
10 40 35.67
10 36 104.04
11 7 19.48
11 43 14.08
11 16 40.12
11 23 123.04
11 35 54.45
12 42 13.4
12 46 32.65
12 26 78.38
12 23 23.87
13 4 99.94
13 14 10.25
13 30 40.63
13 16 96.72
13 22 36.16
14 13 24.98
14 30 71.9
14 16 70.8
15 33 61.02
15 34 30.45
15 24 24.64
16 7 22.54
16 11 28.44
16 13 44.26
16 14 98.85
16 43 90.89
17 20 34.86
17 18 38.37
17 28 33.97
17 49 153.81
18 17 118.02
18 49 83.18
18 23 150.21
18 20 142.95
19 29 30.25
19 48 68.33
19 5 68.88
20 17 59.43
20 28 17.16
20 18 46.84
21 2 92.85
21 10 46.55
21 40 32.73
22 4 6.28
22 13 45.58
22 30 42.77
23 18 121.87
23 12 24.63
23 43 24.2
23 11 139.1
23 49 53.08
24 15 21.09
24 25 17.85
24 41 23.08
24 27 54.29
24 37 60.42
25 24 31.09
25 27 20.56
25 37 29.49
25 41 12.56
25 44 52.75
26 8 35.34
26 12 80.42
26 46 7.31
26 42 57.05
26 33 37.69
27 24 10.85
27 25 8.29
27 41 28.31
27 44 46.46
27 37 65.77
28 17 87.61
28 20 51.95
28 47 95.86
28 6 22.2
29 5 13.82
29 19 44.35
29 48 5.24
29 40 83.69
30 4 69.92
30 13 24.99
30 14 42.21
30 22 159.87
30 37 14.73
31 32 93.33
31 38 63.01
31 44 42.2
32 31 36.21
32 38 52.35
32 44 113.41
33 8 89.23
33 15 28.54
33 26 58.52
33 34 65.78
34 15 58.34
34 33 54.72
34 42 89.49
35 11 142.51
35 7 131.71
35 43 82.36
36 10 88.69
36 39 27.42
36 45 64.0
36 1 50.11
37 25 27.88
37 30 76.65
37 27 66.33
37 24 63.23
38 31 121.22
38 32 131.98
38 2 142.93
39 9 162.7
39 36 32.79
39 45 0.0
39 40 17.54
39 50 46.24
40 5 12.39
40 10 97.44
40 21 35.89
40 39 39.01
40 48 21.42
40 29 15.82
40 45 66.41
41 24 17.56
41 27 19.82
41 44 10.45
41 25 65.91
42 12 7.64
42 26 39.75
42 34 36.19
42 46 13.06
43 7 3.61
43 11 23.25
43 16 78.4
43 23 75.45
43 35 51.01
44 27 11.3
44 31 64.64
44 32 218.83
44 41 4.41
44 25 29.69
45 9 92.92
45 36 12.83
45 39 0.0
45 40 86.76
45 50 88.6
46 8 47.5
46 12 23.72
46 26 31.31
46 42 18.63
47 1 53.92
47 3 16.69
47 6 6.4
47 28 59.82
48 5 16.07
48 19 50.71
48 29 27.43
48 40 67.57
49 18 69.78
49 17 112.37
49 23 57.05
50 9 10.08
50 39 145.61
50 45 43.38
