20
5
8 11 6 17 13 
1 19 38.71
1 6 17.01
1 8 106.64
1 4 118.95
1 10 79.97
2 15 32.7
2 14 21.41
2 11 36.24
2 16 50.61
3 5 11.03
3 17 34.97
3 6 102.7
3 7 54.15
4 17 74.76
4 6 144.54
4 1 100.06
5 3 64.7
5 6 108.35
5 17 24.57
5 7 127.08
5 14 125.02
6 1 27.73
6 3 105.11
6 4 115.1
6 5 28.18
6 17 34.22
6 19 57.52
7 3 86.08
7 16 35.24
7 5 70.77
8 1 117.07
8 10 76.06
8 19 39.34
9 13 11.24
9 20 74.13
9 12 69.7
10 8 94.8
10 1 139.45
10 19 36.99
11 2 56.62
11 15 84.92
11 14 136.61
11 12 42.87
11 18 76.67
12 9 198.52
12 20 48.97
12 11 126.65
12 13 160.29
13 9 23.39
13 12 53.18
13 20 172.02
14 2 25.91
14 11 87.81
14 15 32.88
14 5 145.65
14 16 37.55
15 2 46.66
15 11 55.02
15 14 57.85
15 16 49.53
15 18 206.06
16 7 174.77
16 15 159.13
16 14 147.89
16 2 84.08
16 18 75.52
17 3 111.3
17 4 88.56
17 5 38.01
17 6 33.97
18 16 79.46
18 15 108.85
18 11 123.64
19 1 20.3
19 8 55.5
19 10 217.07
19 6 30.0
20 9 73.07
20 12 18.95
20 13 139.78
