50
10
7 34 45 47 23 11 31 37 15 42 
1 14 41.15
1 48 71.93
1 24 83.34
2 28 69.29
2 38 95.51
2 34 41.05
3 35 4.97
3 5 44.88
3 29 61.79
4 22 96.18
4 11 62.48
4 46 95.57
5 3 25.85
5 17 29.09
5 28 25.85
5 29 18.82
5 35 22.17
6 20 44.58
6 40 29.07
6 49 41.34
6 19 58.74
7 10 53.41
7 32 25.48
7 23 33.26
7 27 81.97
8 16 66.01
8 42 76.1
8 43 43.22
8 9 71.9
8 30 24.77
9 42 23.82
9 15 24.36
9 8 30.66
9 18 146.89
10 7 29.29
10 23 10.51
10 32 38.73
10 27 126.64
11 4 31.55
11 46 15.13
11 22 103.5
11 19 53.38
12 26 8.05
12 45 24.56
12 33 71.48
12 25 74.83
13 16 19.43
13 30 27.59
13 43 79.81
14 1 52.96
14 50 36.28
14 41 30.29
14 24 79.53
14 48 19.67
15 9 53.87
15 49 40.82
15 40 79.66
15 18 141.83
16 8 35.77
16 13 48.09
16 30 39.18
16 42 99.93
17 5 23.72
17 28 13.6
17 34 60.32
17 38 61.56
18 19 108.52
18 9 163.91
18 15 180.68
19 11 88.46
19 18 45.57
19 40 79.75
19 49 35.99
19 6 18.55
20 6 76.83
20 21 77.29
20 49 92.28
21 20 100.42
21 45 98.12
21 37 49.44
21 44 140.5
22 4 62.31
22 11 100.27
22 46 33.45
23 7 73.6
23 10 16.03
23 27 74.62
24 1 45.66
24 14 44.75
24 36 49.95
25 37 44.9
25 44 56.93
25 12 116.57
26 12 4.84
26 45 41.7
26 33 45.2
27 23 48.41
27 7 57.31
27 10 146.29
28 2 115.76
28 5 24.31
28 17 13.77
28 34 16.91
28 38 45.89
29 3 10.75
29 35 42.63
29 5 57.11
30 13 61.28
30 16 47.39
30 8 103.08
31 34 25.83
31 38 9.76
31 47 15.33
32 7 60.99
32 10 65.1
32 39 22.43
33 12 43.02
33 26 7.88
33 45 20.72
33 36 94.69
33 39 82.24
34 2 71.92
34 17 55.75
34 28 8.88
34 31 37.61
34 38 2.26
35 3 14.23
35 29 54.05
35 5 21.93
36 24 88.34
36 47 17.87
36 33 49.48
37 21 115.14
37 25 53.04
37 44 53.19
38 2 26.53
38 31 13.13
38 34 4.87
38 28 47.08
38 17 34.01
38 47 77.79
39 32 87.35
39 47 105.69
39 33 83.13
40 6 63.9
40 15 79.88
40 19 55.79
40 49 8.32
41 14 12.65
41 48 55.45
41 50 63.01
42 8 68.45
42 9 28.99
42 16 89.54
43 8 36.29
43 13 21.83
43 50 16.4
44 25 84.09
44 37 50.4
44 21 38.43
44 46 156.66
45 12 14.64
45 21 26.38
45 26 22.15
45 33 22.34
46 4 160.22
46 11 32.87
46 22 69.34
46 44 186.74
47 31 14.34
47 36 15.56
47 39 43.46
47 38 120.24
48 1 59.97
48 41 44.4
48 14 75.65
49 6 65.42
49 15 74.14
49 19 50.14
49 20 39.22
49 40 20.18
50 14 45.5
50 41 18.41
50 43 18.43
