35
7
1 19 23 10 17 32 25 
1 12 101.84
1 23 33.59
1 28 76.3
2 25 74.67
2 3 20.22
2 22 149.98
3 2 39.15
3 25 15.37
3 26 109.76
4 31 30.7
4 21 65.06
4 17 103.46
4 7 75.08
4 27 128.06
5 19 49.08
5 20 47.37
5 33 47.86
6 10 43.8
6 33 53.36
6 19 91.15
6 18 134.27
6 32 131.48
7 17 10.43
7 21 18.18
7 4 112.79
8 16 59.0
8 34 17.16
8 30 114.8
9 13 19.45
9 29 21.61
9 11 124.4
10 6 49.31
10 32 103.06
10 11 144.8
11 9 32.5
11 10 32.26
11 32 9.42
11 13 55.02
12 1 26.21
12 23 50.93
12 28 46.58
13 9 23.93
13 11 26.24
13 29 83.48
13 35 113.24
14 30 50.22
14 16 24.36
14 29 39.49
15 26 117.82
15 22 33.09
15 24 144.88
15 28 164.26
16 8 42.54
16 14 20.42
16 30 18.33
16 34 67.62
17 4 47.0
17 7 63.72
17 21 52.15
18 23 70.84
18 33 119.52
18 6 94.09
19 5 69.42
19 6 49.24
19 20 45.92
19 33 16.97
20 5 93.64
20 19 36.26
20 33 8.67
21 4 37.49
21 7 85.47
21 17 25.07
21 27 39.17
22 2 43.37
22 15 40.43
22 28 42.73
23 1 27.39
23 12 66.13
23 18 68.48
24 15 20.16
24 35 11.35
24 26 79.84
24 31 79.05
25 2 21.99
25 3 75.22
25 27 51.06
26 3 138.12
26 15 43.4
26 24 74.93
26 31 18.37
27 25 108.54
27 21 129.39
27 4 115.86
28 1 128.66
28 12 150.96
28 22 30.28
28 15 56.59
29 9 49.24
29 13 86.32
29 14 35.08
29 34 151.71
30 8 35.75
30 14 12.52
30 16 23.08
31 4 19.47
31 24 37.18
31 26 107.32
31 35 68.3
32 10 147.33
32 11 34.01
32 6 51.43
33 5 87.14
33 6 106.75
33 18 103.0
33 19 37.7
33 20 32.11
34 8 75.17
34 29 90.54
34 16 120.27
35 13 112.12
35 24 58.22
35 31 23.0
